229,919
187,600
430,339
248,922
617,192
333,411
284,904
218,212
388,743
415,678
792,328
767,729
91,503
121,164
94,107
51,763
117,974
224,518
681,258
301,302
873,748
797,721
959,163
992,12
141,535
681,821
123,886
843,719
193,439
601,790
27,586
425,554
623,585
995,90
374,323
249,230
741,526
373,937
523,799
438,812
774,128
376,393
388,253
37,722
272,60
301,857
536,697
806,354
707,617
475,36
409,381
106,765
962,693
838,166
407,924
305,306
755,425
428,61
116,657
243,605
85,278
421,930
325,145
242,136
223,291
280,922
136,869
859,153
968,909
164,591
198,449
549,221
10,487
473,495
409,356
245,522
830,352
348,779
631,610
364,859
381,350
832,589
315,787
331,479
693,126
969,600
214,616
855,428
334,489
110,881
138,273
749,786
179,995
475,52
75,799
700,332
942,3
987,195
901,207
887,450
302,276
705,411
812,264
170,516
41,851
10,905
479,534
251,951
143,289
766,808
358,761
170,223
990,347
346,803
972,647
113,574
540,811
384,379
836,469
888,841
696,36
458,301
575,266
731,33
53,430
586,117
229,295
993,128
853,954
941,420
537,993
794,923
805,982
638,751
443,735
272,487
28,452
178,145
396,673
648,926
340,339
358,858
642,325
532,676
162,432
747,115
525,823
541,522
6,198
677,201
421,915
143,731
695,556
870,233
90,29
880,98
64,639
244,640
262,110
733,807
210,195
397,920
773,279
643,570
105,506
15,142
876,153
664,520
785,595
888,328
633,692
173,839
204,278
451,395
785,151
790,654
806,984
861,224
899,370
549,105
725,344
41,164
955,760
50,448
315,814
194,503
223,541
364,778
47,912
693,8
528,520
401,20
274,431
733,66
463,265
225,388
593,40
773,292
910,722
983,696
448,64
679,387
486,701
559,794
627,726
550,422
500,999
890,188
669,810
760,372
141,133
339,807
243,407
741,399
457,257
471,231
641,452
756,84
767,508
937,389
7,641
604,895
762,876
953,72
771,143
127,841
324,780
790,845
181,583
532,225
510,91
193,421
421,747
542,99
200,487
689,957
12,272
501,743
455,700
39,833
804,222
45,702
342,700
333,963
947,945
494,61
842,681
535,168
926,493
150,741
56,868
747,999
175,156
884,607
998,216
849,72
186,911
679,485
426,354
287,918
449,449
24,301
753,855
944,864
5,629
544,161
693,695
201,445
65,416
632,729
18,292
87,905
292,732
577,286
62,435
298,421
593,593
826,174
128,77
576,352
288,458
39,137
638,58
605,171
178,672
671,276
292,571
854,593
93,255
139,648
805,139
892,588
4,214
802,248
245,72
262,717
806,380
954,891
52,145
645,872
255,174
839,305
572,454
341,203
116,924
536,362
674,414
499,509
125,544
694,107
589,269
779,394
418,402
771,556
48,471
5,471
584,991
662,976
378,372
693,943
71,492
325,434
39,981
962,307
442,854
138,127
74,742
58,606
563,278
117,459
473,512
167,344
508,557
858,144
332,118
805,968
31,7
790,338
876,269
705,526
284,73
336,280
841,593
611,712
10,584
776,536
440,957
282,762
945,443
174,224
301,546
180,572
642,14
711,95
787,954
449,665
465,877
908,857
190,564
539,109
381,931
451,520
