229,919
187,600
430,339
248,922
617,192
333,411
284,904
218,212
388,743
415,678
792,328
767,729
91,503
766,411
528,603
418,950
440,425
42,798
28,566
167,358
77,714
748,367
124,693
121,164
94,107
51,763
117,974
224,518
681,258
301,302
410,170
873,748
797,721
959,163
992,12
141,535
681,821
123,886
119,227
525,607
918,604
138,66
251,314
843,719
193,439
677,473
729,623
496,695
403,498
723,890
723,971
805,935
110,950
161,461
115,959
816,844
568,840
601,790
27,586
425,554
623,585
995,90
374,323
249,230
741,526
373,937
523,799
438,812
774,128
376,393
388,253
37,722
272,60
301,857
536,697
806,354
707,617
475,36
409,381
106,765
962,693
838,166
407,924
305,306
755,425
119,487
143,902
378,307
204,648
812,89
593,676
561,33
428,61
116,657
243,605
85,278
421,930
325,145
242,136
223,291
280,922
136,869
789,485
950,684
734,60
897,715
344,613
354,310
162,884
999,479
801,769
859,153
968,909
164,591
198,449
549,221
10,487
473,495
409,356
245,522
830,352
348,779
631,610
364,859
381,350
832,589
315,787
331,479
693,126
969,600
214,616
855,428
334,489
110,881
138,273
749,786
179,995
475,52
75,799
700,332
942,3
987,195
901,207
887,450
302,276
705,411
812,264
170,516
41,851
10,905
479,534
251,951
143,289
766,808
358,761
170,223
990,347
346,803
972,647
113,574
540,811
384,379
443,371
836,469
888,841
696,36
458,301
575,266
731,33
53,430
586,117
229,295
993,128
853,954
941,420
537,993
794,923
805,982
638,751
443,735
272,487
28,452
178,145
396,673
648,926
340,339
358,858
642,325
532,676
162,432
747,115
525,823
541,522
6,198
677,201
814,453
94,604
810,6
21,433
126,405
507,6
450,464
838,970
781,815
937,149
103,75
788,232
52,428
195,781
610,736
852,398
690,890
905,20
313,797
87,940
494,222
773,971
4,95
828,517
126,975
874,818
382,802
167,696
630,398
344,752
651,800
528,222
341,14
781,771
609,662
412,515
581,391
953,253
656,409
139,643
534,208
421,915
143,731
637,233
730,106
416,413
382,92
127,684
20,220
243,419
352,910
695,556
870,233
90,29
880,98
64,639
244,640
262,110
733,807
210,195
397,920
773,279
643,570
105,506
229,887
788,362
723,439
843,893
474,427
15,142
876,153
664,520
785,595
888,328
633,692
173,839
204,278
451,395
785,151
790,654
806,984
861,224
899,370
549,105
725,344
41,164
955,760
50,448
315,814
194,503
223,541
364,778
47,912
693,8
528,520
401,20
274,431
733,66
463,265
225,388
593,40
773,292
910,722
983,696
216,52
105,130
26,766
178,420
317,607
654,90
931,884
298,763
355,538
43,357
810,34
33,953
459,607
266,245
322,346
418,539
678,561
800,662
648,356
891,938
707,267
50,976
927,525
365,283
2,790
884,224
719,571
113,260
614,724
718,620
416,163
205,361
412,549
721,436
573,713
201,630
448,64
679,387
486,701
559,794
627,726
550,422
500,999
890,188
669,810
760,372
141,133
339,807
243,407
741,399
457,257
471,231
641,452
73,976
705,884
290,778
671,324
257,809
668,794
432,410
228,972
514,675
378,242
319,946
503,990
398,34
811,158
662,33
148,900
60,504
44,663
285,731
268,251
653,304
445,156
57,772
155,845
126,507
59,335
448,637
100,753
383,541
858,418
632,981
964,498
763,71
465,534
532,924
123,757
263,796
530,962
353,976
579,525
623,336
731,106
74,496
411,383
500,546
756,84
767,508
587,258
254,192
80,230
187,528
816,345
39,99
769,236
23,229
619,573
981,353
482,105
269,29
123,830
589,571
971,260
663,513
691,983
465,961
231,307
511,596
694,486
769,112
281,824
557,222
965,925
72,17
366,881
816,410
392,824
744,684
808,581
580,161
517,629
252,204
915,708
244,280
127,150
189,40
631,283
242,34
625,833
570,337
827,377
175,219
96,718
602,848
844,941
192,246
876,655
202,362
812,546
937,389
7,641
604,895
762,876
953,72
771,143
127,841
324,780
330,681
624,186
57,174
825,181
560,884
524,985
781,265
533,308
327,56
422,317
777,506
64,560
329,383
859,391
144,512
875,781
669,466
941,765
421,766
728,922
387,851
870,458
130,181
693,900
335,421
186,867
907,175
475,57
107,393
620,425
818,900
790,845
181,583
532,225
510,91
193,421
421,747
542,99
200,487
689,957
12,272
501,743
455,700
39,833
804,222
45,702
858,680
645,272
313,324
401,708
656,174
679,594
45,422
342,700
333,963
947,945
494,61
842,681
535,168
926,493
150,741
56,868
747,999
175,156
884,607
998,216
693,809
942,229
653,168
849,72
186,911
679,485
426,354
287,918
449,449
24,301
753,855
26,763
21,581
20,683
471,401
120,505
586,106
56,277
944,864
5,629
544,161
693,695
201,445
65,416
632,729
18,292
87,905
292,732
577,286
62,435
298,421
593,593
826,174
128,77
576,352
288,458
39,137
638,58
605,171
178,672
671,276
653,417
3,376
531,438
482,192
521,492
376,921
631,117
665,901
787,27
942,346
946,745
166,509
233,332
831,96
996,261
921,535
578,993
224,265
818,106
828,230
633,389
148,542
58,849
138,264
656,693
569,843
801,506
939,273
987,122
759,278
292,571
854,593
93,255
139,648
805,139
458,17
844,128
327,739
860,80
252,542
253,232
988,240
141,538
938,2
882,42
662,987
86,164
218,726
388,958
24,167
759,582
45,313
396,35
854,611
43,673
914,638
428,597
478,658
515,571
892,588
4,214
802,248
6,78
682,475
87,597
944,631
976,495
221,797
871,394
808,119
776,592
423,83
459,746
16,981
372,418
408,215
961,433
687,148
793,57
416,515
578,152
44,687
456,779
610,422
652,488
812,692
339,986
356,656
385,923
201,731
599,610
204,373
558,269
744,656
986,907
118,396
788,521
245,72
262,717
806,380
954,891
52,145
645,872
255,174
839,305
572,454
341,203
116,924
536,362
674,414
499,509
125,544
694,107
589,269
779,394
418,402
771,556
48,471
5,471
584,991
662,976
378,372
693,943
71,492
325,434
39,981
962,307
442,854
138,127
74,742
58,606
563,278
117,459
473,512
167,344
508,557
858,144
332,118
805,968
31,7
790,338
876,269
705,526
284,73
336,280
841,593
611,712
10,584
776,536
440,957
282,762
945,443
174,224
301,546
180,572
642,14
711,95
787,954
449,665
465,877
908,857
190,564
539,109
381,931
451,520
198,363
469,259
676,280
631,824
270,524
253,506
901,230
353,334
589,243
668,536
221,71
822,686
208,127
334,658
39,503
283,149
